   1.04166670E-02   60.0000000       3.23227281E+31   5.40565925E+25   1.45367531E+23   0.00000000       0.00000000       5.07662970E+17
   5.20833358E-02   240.000000       3.23391429E+31   2.82207772E+26   3.34415518E+24   0.00000000       0.00000000       2.47243991E+18
   9.37500000E-02   240.000000       3.23551418E+31   3.42977361E+26   4.51229842E+24   0.00000000       0.00000000       3.42724042E+18
  0.135416672       240.000000       3.23725672E+31   4.18388352E+26   6.25878484E+24   0.00000000       0.00000000       4.46463596E+18
  0.177083343       240.000000       3.23914869E+31   4.78054087E+26   7.76124102E+24   0.00000000       0.00000000       5.43138128E+18
  0.218750015       240.000000       3.24119613E+31   5.33057408E+26   9.25835802E+24   0.00000000       0.00000000       6.36585622E+18
  0.257804185       224.951996       3.24317393E+31   5.61118300E+26   1.01758743E+25   0.00000000       0.00000000       7.15876243E+18
  0.295680344       218.166733       3.24526900E+31   6.08026673E+26   1.14752675E+25   0.00000000       0.00000000       7.94945972E+18
  0.332306713       210.967911       3.24741025E+31   6.45418592E+26   1.26098691E+25   0.00000000       0.00000000       8.68296317E+18
  0.365718961       192.454483       3.24939216E+31   6.60933263E+26   1.33028268E+25   0.00000000       0.00000000       9.29691617E+18
  0.400010556       197.519562       3.25164826E+31   7.22040686E+26   1.48659278E+25   0.00000000       0.00000000       9.99516763E+18
  0.434251904       197.230164       3.25394208E+31   7.56023351E+26   1.60345302E+25   0.00000000       0.00000000       1.06398927E+19
  0.468806535       199.034698       3.25639354E+31   7.94244562E+26   1.72851814E+25   0.00000000       0.00000000       1.12788244E+19
  0.504305243       204.472519       3.25901038E+31   8.36012418E+26   1.86594719E+25   0.00000000       0.00000000       1.19253856E+19
  0.540886283       210.706940       3.26177132E+31   8.75035694E+26   2.00462682E+25   0.00000000       0.00000000       1.25695949E+19
  0.570225060       168.991379       3.26376677E+31   8.14484920E+26   1.94838292E+25   0.00000000       0.00000000       1.29201665E+19
  0.598616660       163.535477       3.26609444E+31   8.66686771E+26   2.06667359E+25   0.00000000       0.00000000       1.33876690E+19
  0.625004828       151.995728       3.26821417E+31   8.84138867E+26   2.13845310E+25   0.00000000       0.00000000       1.37846367E+19
  0.648462176       135.114288       3.27012041E+31   8.88072303E+26   2.18093503E+25   0.00000000       0.00000000       1.41094863E+19
  0.670621991       127.640686       3.27201697E+31   9.12623739E+26   2.25651180E+25   0.00000000       0.00000000       1.44391627E+19
  0.691986740       123.060982       3.27389080E+31   9.37245420E+26   2.33588399E+25   0.00000000       0.00000000       1.47573064E+19
  0.713038504       121.258156       3.27580357E+31   9.63279457E+26   2.42063387E+25   0.00000000       0.00000000       1.50694765E+19
  0.734110475       121.374542       3.27772358E+31   9.89516704E+26   2.50862645E+25   0.00000000       0.00000000       1.53813024E+19
  0.755530059       123.376801       3.27974757E+31   1.01657387E+27   2.60105502E+25   0.00000000       0.00000000       1.56958342E+19
  0.777591944       127.076500       3.28185351E+31   1.04435600E+27   2.69842431E+25   0.00000000       0.00000000       1.60162945E+19
  0.798999727       123.308907       3.28385308E+31   1.05147747E+27   2.75834072E+25   0.00000000       0.00000000       1.62938684E+19
  0.819898784       120.378456       3.28567807E+31   1.06394098E+27   2.82319763E+25   0.00000000       0.00000000       1.65625858E+19
  0.840581894       119.134743       3.28774243E+31   1.08099735E+27   2.89486853E+25   0.00000000       0.00000000       1.68288369E+19
  0.861172557       118.602249       3.28981913E+31   1.09871294E+27   2.96775761E+25   0.00000000       0.00000000       1.70902887E+19
  0.881828010       118.975525       3.29193015E+31   1.11748959E+27   3.04291357E+25   0.00000000       0.00000000       1.73499383E+19
  0.902761102       120.574738       3.29411710E+31   1.13800975E+27   3.12165580E+25   0.00000000       0.00000000       1.76112516E+19
  0.924145699       123.175125       3.29639036E+31   1.15936016E+27   3.20428615E+25   0.00000000       0.00000000       1.78755247E+19
  0.944688320       118.325447       3.29854008E+31   1.15988404E+27   3.24768857E+25   0.00000000       0.00000000       1.80989652E+19
  0.964956164       116.742752       3.30072315E+31   1.17345679E+27   3.30884091E+25   0.00000000       0.00000000       1.83283091E+19
  0.985204518       116.630463       3.30296885E+31   1.19041215E+27   3.37594601E+25   0.00000000       0.00000000       1.85591845E+19
   1.00001037       85.2819748       3.30430302E+31   1.12375196E+27   3.28561138E+25   0.00000000       0.00000000       1.86216214E+19
   1.02164483       124.674271       3.30323409E+31   1.00008315E+27   3.36374695E+25   0.00000000       0.00000000       1.88526838E+19
   1.04536712       136.640625       3.30203242E+31   8.56886975E+26   3.40521915E+25   0.00000000       0.00000000       1.90543496E+19
   1.07255161       156.582504       3.30098356E+31   7.75240136E+26   3.53304909E+25   0.00000000       0.00000000       1.93501292E+19
   1.10015011       158.967102       3.30005123E+31   7.10489925E+26   3.58328834E+25   0.00000000       0.00000000       1.96184804E+19
   1.12444663       139.948151       3.29927196E+31   6.57809787E+26   3.54761533E+25   0.00000000       0.00000000       1.98107454E+19
   1.14752793       132.947998       3.29875430E+31   6.41802071E+26   3.60927058E+25   0.00000000       0.00000000       2.00580894E+19
   1.16928053       125.295036       3.29835656E+31   6.33265804E+26   3.66814221E+25   0.00000000       0.00000000       2.02998060E+19
   1.19005930       119.685432       3.29809326E+31   6.32321183E+26   3.73918569E+25   0.00000000       0.00000000       2.05451994E+19
   1.21007824       115.309113       3.29787783E+31   6.35806215E+26   3.81583422E+25   0.00000000       0.00000000       2.07908501E+19
   1.22955489       112.185379       3.29777942E+31   6.42672905E+26   3.89822084E+25   0.00000000       0.00000000       2.10375497E+19
   1.24898040       111.890709       3.29775717E+31   6.54213926E+26   3.99558091E+25   0.00000000       0.00000000       2.12923659E+19
   1.26814985       110.416298       3.29774871E+31   6.64686290E+26   4.08302816E+25   0.00000000       0.00000000       2.15439958E+19
   1.28734839       110.583405       3.29781931E+31   6.78181338E+26   4.18012352E+25   0.00000000       0.00000000       2.18026977E+19
   1.30688822       112.549622       3.29796245E+31   6.94505378E+26   4.28743376E+25   0.00000000       0.00000000       2.20726212E+19
   1.32640481       112.415565       3.29811163E+31   7.07851598E+26   4.37912607E+25   0.00000000       0.00000000       2.23336122E+19
   1.34584880       111.997658       3.29834713E+31   7.21448914E+26   4.46833821E+25   0.00000000       0.00000000       2.25926462E+19
   1.36504161       110.550720       3.29859907E+31   7.33995356E+26   4.54941627E+25   0.00000000       0.00000000       2.28438208E+19
   1.38348651       106.242844       3.29886020E+31   7.42629466E+26   4.60988700E+25   0.00000000       0.00000000       2.30744984E+19
   1.40174389       105.162849       3.29917670E+31   7.57431502E+26   4.69315975E+25   0.00000000       0.00000000       2.33141083E+19
   1.41942751       101.857925       3.29951157E+31   7.68176730E+26   4.75794333E+25   0.00000000       0.00000000       2.35365395E+19
   1.43698132       101.110039       3.29990979E+31   7.83550911E+26   4.84064885E+25   0.00000000       0.00000000       2.37651258E+19
   1.45483243       102.822624       3.30035516E+31   8.02622188E+26   4.93934585E+25   0.00000000       0.00000000       2.40047819E+19
   1.47247231       101.605888       3.30083123E+31   8.15621092E+26   5.01507942E+25   0.00000000       0.00000000       2.42274265E+19
   1.49000537       100.990707       3.30131940E+31   8.30165464E+26   5.09699726E+25   0.00000000       0.00000000       2.44486460E+19
   1.50773418       102.117752       3.30187284E+31   8.47995349E+26   5.19237338E+25   0.00000000       0.00000000       2.46762295E+19
   1.52592409       104.774101       3.30249641E+31   8.68229657E+26   5.29879495E+25   0.00000000       0.00000000       2.49118944E+19
   1.54417729       105.138466       3.30311320E+31   8.83337761E+26   5.38652490E+25   0.00000000       0.00000000       2.51362630E+19
   1.56193161       102.265022       3.30372516E+31   8.92569988E+26   5.44986871E+25   0.00000000       0.00000000       2.53395605E+19
   1.57966006       102.115540       3.30443335E+31   9.08549812E+26   5.53534816E+25   0.00000000       0.00000000       2.55512341E+19
   1.59740770       102.226601       3.30513428E+31   9.24720080E+26   5.62100331E+25   0.00000000       0.00000000       2.57616278E+19
   1.61486065       100.528709       3.30586157E+31   9.36834426E+26   5.69039812E+25   0.00000000       0.00000000       2.59591639E+19
   1.63177967       97.4533081       3.30657532E+31   9.46504726E+26   5.74692678E+25   0.00000000       0.00000000       2.61437807E+19
   1.64804053       93.6623840       3.30727239E+31   9.55227084E+26   5.79657481E+25   0.00000000       0.00000000       2.63169559E+19
   1.66385329       91.0813904       3.30801781E+31   9.66912728E+26   5.85413511E+25   0.00000000       0.00000000       2.64882687E+19
   1.67945182       89.8478241       3.30878234E+31   9.81106907E+26   5.91968238E+25   0.00000000       0.00000000       2.66605313E+19
   1.69501209       89.6268387       3.30956765E+31   9.96734398E+26   5.99069727E+25   0.00000000       0.00000000       2.68345928E+19
   1.71068954       90.3018951       3.31042696E+31   1.01349858E+27   6.06695980E+25   0.00000000       0.00000000       2.70109523E+19
   1.72661459       91.7284775       3.31131117E+31   1.03107080E+27   6.14770120E+25   0.00000000       0.00000000       2.71906917E+19
   1.74290609       93.8391113       3.31225872E+31   1.04933617E+27   6.23048558E+25   0.00000000       0.00000000       2.73742947E+19
   1.75967693       96.6002197       3.31324134E+31   1.06830076E+27   6.31905024E+25   0.00000000       0.00000000       2.75625575E+19
   1.77704060       100.015045       3.31431341E+31   1.08803250E+27   6.41228378E+25   0.00000000       0.00000000       2.77565773E+19
   1.79511416       104.103416       3.31545198E+31   1.10859066E+27   6.51002385E+25   0.00000000       0.00000000       2.79575109E+19
   1.81401801       108.886284       3.31667904E+31   1.13005891E+27   6.61305307E+25   0.00000000       0.00000000       2.81659101E+19
   1.83207762       104.023529       3.31778400E+31   1.12678623E+27   6.63296217E+25   0.00000000       0.00000000       2.83257197E+19
   1.84910500       98.0778885       3.31885535E+31   1.12618059E+27   6.65247237E+25   0.00000000       0.00000000       2.84708003E+19
   1.86546421       94.2291870       3.31992041E+31   1.13381451E+27   6.69291594E+25   0.00000000       0.00000000       2.86169452E+19
   1.88169360       93.4813385       3.32106406E+31   1.14966056E+27   6.75783649E+25   0.00000000       0.00000000       2.87719433E+19
   1.89770877       92.2471771       3.32221616E+31   1.16292171E+27   6.81535205E+25   0.00000000       0.00000000       2.89217430E+19
   1.91366339       91.8988647       3.32336005E+31   1.17787397E+27   6.87753833E+25   0.00000000       0.00000000       2.90725762E+19
   1.92985582       93.2685394       3.32457163E+31   1.19651647E+27   6.95167072E+25   0.00000000       0.00000000       2.92302264E+19
   1.94657779       96.3182449       3.32588259E+31   1.21823810E+27   7.03780457E+25   0.00000000       0.00000000       2.93970684E+19
   1.96513140       106.869141       3.32745371E+31   1.25843555E+27   7.18651115E+25   0.00000000       0.00000000       2.96061714E+19
   1.98139143       93.6579666       3.32856230E+31   1.22758293E+27   7.12171327E+25   0.00000000       0.00000000       2.97005447E+19
   1.99666619       87.9829025       3.32971199E+31   1.22928438E+27   7.13850949E+25   0.00000000       0.00000000       2.98158570E+19
   2.00001001       19.2603245       3.32909084E+31   1.05954748E+27   6.65841822E+25   0.00000000       0.00000000       2.95977733E+19
   2.01620436       93.3366165       3.32866772E+31   1.09570384E+27   7.15720619E+25   0.00000000       0.00000000       3.00051819E+19
   2.03134584       87.2153244       3.32741309E+31   9.76817744E+26   7.11366957E+25   0.00000000       0.00000000       3.01295433E+19
   2.04750991       93.1050873       3.32634900E+31   9.13068748E+26   7.20274659E+25   0.00000000       0.00000000       3.03186967E+19
   2.06295180       88.9454803       3.32535453E+31   8.56601862E+26   7.22447916E+25   0.00000000       0.00000000       3.04679224E+19
   2.07670116       79.1967087       3.32446694E+31   8.13190328E+26   7.21258332E+25   0.00000000       0.00000000       3.05824607E+19
   2.08934498       72.8281784       3.32375126E+31   7.87759204E+26   7.23544759E+25   0.00000000       0.00000000       3.07010607E+19
   2.10118222       68.1826401       3.32311899E+31   7.71828374E+26   7.27283638E+25   0.00000000       0.00000000       3.08196188E+19
   2.11241746       64.7150955       3.32255950E+31   7.61884030E+26   7.31874294E+25   0.00000000       0.00000000       3.09373567E+19
   2.12319756       62.0930634       3.32207931E+31   7.55971627E+26   7.36943091E+25   0.00000000       0.00000000       3.10544811E+19
   2.13363361       60.1115532       3.32163805E+31   7.52930201E+26   7.42331246E+25   0.00000000       0.00000000       3.11707654E+19
   2.14381385       58.6375504       3.32121396E+31   7.52037600E+26   7.47963867E+25   0.00000000       0.00000000       3.12868101E+19
   2.15381074       57.5825157       3.32086289E+31   7.52854570E+26   7.53803968E+25   0.00000000       0.00000000       3.14029889E+19
   2.16368699       56.8866653       3.32050045E+31   7.55033868E+26   7.59781174E+25   0.00000000       0.00000000       3.15196361E+19
   2.17350006       56.5231895       3.32019581E+31   7.58380403E+26   7.65931088E+25   0.00000000       0.00000000       3.16370287E+19
   2.18330264       56.4633636       3.31990349E+31   7.62760914E+26   7.72282717E+25   0.00000000       0.00000000       3.17559321E+19
   2.19314408       56.6862068       3.31959424E+31   7.68053801E+26   7.78862487E+25   0.00000000       0.00000000       3.18767376E+19
   2.20307326       57.1917610       3.31934859E+31   7.74213759E+26   7.85643786E+25   0.00000000       0.00000000       3.19997224E+19
   2.21314073       57.9890976       3.31910656E+31   7.81235550E+26   7.92705477E+25   0.00000000       0.00000000       3.21258958E+19
   2.22340059       59.0974503       3.31888847E+31   7.89117696E+26   8.00081131E+25   0.00000000       0.00000000       3.22552687E+19
   2.23391223       60.5473671       3.31864765E+31   7.97903068E+26   8.07823875E+25   0.00000000       0.00000000       3.23894729E+19
   2.24474263       62.3828773       3.31845979E+31   8.07684934E+26   8.16051492E+25   0.00000000       0.00000000       3.25283214E+19
   2.25595689       64.5934830       3.31829416E+31   8.18465285E+26   8.24774865E+25   0.00000000       0.00000000       3.26729160E+19
   2.26748085       66.3784103       3.31811428E+31   8.28888507E+26   8.33234172E+25   0.00000000       0.00000000       3.28190323E+19
   2.27905202       66.6501923       3.31794938E+31   8.37169177E+26   8.40343548E+25   0.00000000       0.00000000       3.29586131E+19
   2.29075480       67.4084396       3.31780020E+31   8.46950600E+26   8.48203060E+25   0.00000000       0.00000000       3.31013319E+19
   2.30266690       68.6136627       3.31765440E+31   8.58030747E+26   8.56721766E+25   0.00000000       0.00000000       3.32473339E+19
   2.31486392       70.2551346       3.31756349E+31   8.70310892E+26   8.65927245E+25   0.00000000       0.00000000       3.33971577E+19
   2.32743764       72.4242783       3.31748298E+31   8.83943774E+26   8.75946871E+25   0.00000000       0.00000000       3.35520305E+19
   2.34049654       75.2191544       3.31742398E+31   8.99062725E+26   8.86870479E+25   0.00000000       0.00000000       3.37134234E+19
   2.35372114       76.1743164       3.31739569E+31   9.10852113E+26   8.95952088E+25   0.00000000       0.00000000       3.38671879E+19
   2.36724591       77.9023895       3.31735797E+31   9.24813273E+26   9.06129987E+25   0.00000000       0.00000000       3.40260652E+19
   2.38114762       80.0745239       3.31734371E+31   9.39986532E+26   9.16779476E+25   0.00000000       0.00000000       3.41896791E+19
   2.39490151       79.2226410       3.31733283E+31   9.49228424E+26   9.24096377E+25   0.00000000       0.00000000       3.43365409E+19
   2.40840530       77.7820282       3.31733500E+31   9.58167495E+26   9.30822337E+25   0.00000000       0.00000000       3.44773685E+19
   2.42190766       77.7740479       3.31738795E+31   9.70904160E+26   9.39222523E+25   0.00000000       0.00000000       3.46229285E+19
   2.43562078       78.9878311       3.31749869E+31   9.86369099E+26   9.48642261E+25   0.00000000       0.00000000       3.47752570E+19
   2.44972682       81.2501907       3.31763699E+31   1.00398810E+27   9.59126744E+25   0.00000000       0.00000000       3.49353811E+19
   2.46423268       83.5538864       3.31781229E+31   1.02139415E+27   9.69394018E+25   0.00000000       0.00000000       3.50984013E+19
   2.47865033       83.0451813       3.31794599E+31   1.03222505E+27   9.76076443E+25   0.00000000       0.00000000       3.52473059E+19
   2.49281383       81.5813675       3.31811404E+31   1.04163274E+27   9.81598107E+25   0.00000000       0.00000000       3.53891979E+19
   2.50701213       81.7824326       3.31832632E+31   1.05567152E+27   9.89082504E+25   0.00000000       0.00000000       3.55382499E+19
   2.52151155       83.5162582       3.31861743E+31   1.07329768E+27   9.98211429E+25   0.00000000       0.00000000       3.56967225E+19
   2.53616261       84.3895874       3.31890395E+31   1.08837450E+27   1.00608026E+26   0.00000000       0.00000000       3.58516503E+19
   2.55123162       86.7969284       3.31924486E+31   1.10720627E+27   1.01566768E+26   0.00000000       0.00000000       3.60169421E+19
   2.56670880       89.1490021       3.31962253E+31   1.12542449E+27   1.02499758E+26   0.00000000       0.00000000       3.61846968E+19
   2.58278656       92.6083298       3.32005484E+31   1.14621744E+27   1.03554201E+26   0.00000000       0.00000000       3.63620634E+19
   2.59955502       96.5867844       3.32056622E+31   1.16777091E+27   1.04651423E+26   0.00000000       0.00000000       3.65469067E+19
   2.61469150       87.1863327       3.32081695E+31   1.15417515E+27   1.04126364E+26   0.00000000       0.00000000       3.66577463E+19
   2.62792468       76.2235413       3.32105922E+31   1.14245925E+27   1.03584749E+26   0.00000000       0.00000000       3.67445263E+19
   2.63999772       69.5404205       3.32136484E+31   1.14457989E+27   1.03609246E+26   0.00000000       0.00000000       3.68382641E+19
   2.65140772       65.7214890       3.32171712E+31   1.15377028E+27   1.03948445E+26   0.00000000       0.00000000       3.69371080E+19
   2.66247916       63.7711678       3.32208753E+31   1.16669325E+27   1.04471447E+26   0.00000000       0.00000000       3.70396132E+19
   2.67345119       63.1991005       3.32250534E+31   1.18200885E+27   1.05122968E+26   0.00000000       0.00000000       3.71458569E+19
   2.68452764       63.8004990       3.32292580E+31   1.19929175E+27   1.05880972E+26   0.00000000       0.00000000       3.72570703E+19
   2.69590688       65.5450058       3.32340284E+31   1.21856269E+27   1.06753107E+26   0.00000000       0.00000000       3.73749907E+19
   2.70779896       68.4984741       3.32394638E+31   1.24006156E+27   1.07751011E+26   0.00000000       0.00000000       3.75016808E+19
   2.72043800       72.8003006       3.32454504E+31   1.26414017E+27   1.08894589E+26   0.00000000       0.00000000       3.76396475E+19
   2.73375058       76.6809769       3.32518238E+31   1.28565321E+27   1.09965542E+26   0.00000000       0.00000000       3.77802883E+19
   2.74583769       69.6221619       3.32559656E+31   1.27495070E+27   1.09693425E+26   0.00000000       0.00000000       3.78631870E+19
   2.75701189       64.3632278       3.32604024E+31   1.27320667E+27   1.09709031E+26   0.00000000       0.00000000       3.79450963E+19
   2.76768708       61.4892082       3.32651051E+31   1.27949642E+27   1.10013172E+26   0.00000000       0.00000000       3.80322216E+19
   2.77816224       60.3370819       3.32700520E+31   1.29065773E+27   1.10513568E+26   0.00000000       0.00000000       3.81239604E+19
   2.78868151       60.5902863       3.32753858E+31   1.30530120E+27   1.11160329E+26   0.00000000       0.00000000       3.82214651E+19
   2.79914212       60.2534218       3.32806736E+31   1.31734427E+27   1.11713362E+26   0.00000000       0.00000000       3.83152007E+19
   2.80934262       58.7542381       3.32860074E+31   1.32544756E+27   1.12112393E+26   0.00000000       0.00000000       3.84013364E+19
   2.81942749       58.0883789       3.32911937E+31   1.33596633E+27   1.12603694E+26   0.00000000       0.00000000       3.84893325E+19
   2.82951903       58.1266823       3.32967620E+31   1.34826957E+27   1.13164254E+26   0.00000000       0.00000000       3.85799455E+19
   2.83971786       58.7456017       3.33026181E+31   1.36188253E+27   1.13777617E+26   0.00000000       0.00000000       3.86731313E+19
   2.85011530       59.8896446       3.33086119E+31   1.37657795E+27   1.14443554E+26   0.00000000       0.00000000       3.87697959E+19
   2.86080289       61.5601883       3.33151860E+31   1.39235950E+27   1.15161446E+26   0.00000000       0.00000000       3.88707927E+19
   2.87188482       63.8313866       3.33223598E+31   1.40941787E+27   1.15941227E+26   0.00000000       0.00000000       3.89764558E+19
   2.88349581       66.8787231       3.33299881E+31   1.42825525E+27   1.16807938E+26   0.00000000       0.00000000       3.90893932E+19
   2.89582062       70.9902344       3.33383080E+31   1.44963561E+27   1.17787930E+26   0.00000000       0.00000000       3.92116985E+19
   2.90853691       73.2458344       3.33465698E+31   1.46394364E+27   1.18509632E+26   0.00000000       0.00000000       3.93290603E+19
   2.92078757       70.5642014       3.33539490E+31   1.46242408E+27   1.18611550E+26   0.00000000       0.00000000       3.94212698E+19
   2.93264604       68.3051758       3.33615604E+31   1.46488945E+27   1.18810092E+26   0.00000000       0.00000000       3.95122170E+19
   2.94419837       66.5414124       3.33688140E+31   1.47033788E+27   1.19093582E+26   0.00000000       0.00000000       3.96022362E+19
   2.95551229       65.1682892       3.33761860E+31   1.47769016E+27   1.19428842E+26   0.00000000       0.00000000       3.96914506E+19
   2.96664238       64.1099472       3.33839352E+31   1.48627852E+27   1.19804003E+26   0.00000000       0.00000000       3.97801372E+19
   2.97763491       63.3174973       3.33916772E+31   1.49571396E+27   1.20205127E+26   0.00000000       0.00000000       3.98683620E+19
   2.98852968       62.7545013       3.33995014E+31   1.50575799E+27   1.20628425E+26   0.00000000       0.00000000       3.99559711E+19
   2.99936295       62.3996735       3.34072941E+31   1.51627027E+27   1.21068140E+26   0.00000000       0.00000000       4.00438924E+19
   3.00001025       3.72840357       3.33970352E+31   1.33115749E+27   1.14618623E+26   0.00000000       0.00000000       3.98235371E+19
